1 sum
1 1 sum
1 1 1 sum
1 1 1 1 sum
1 1 1 1 1 sum
1 1 1 1 1 1 sum
1 1 1 1 1 1 1 sum
1 1 1 1 1 1 1 1 sum
1 1 1 1 1 1 1 1 1 sum
1 1 1 1 1 1 1 1 1 1 sum
1 1 1 1 1 1 1 1 1 1 1 sum
1 1 1 1 1 1 1 1 1 1 1 1 sum
1 1 1 1 1 1 1 1 1 1 1 1 1 sum
1 1 1 1 1 1 1 1 1 1 1 1 1 1 sum
1 1 1 1 1 1 1 1 1 1 1 1 1 1 1 sum
1 1 1 1 1 1 1 1 1 1 1 1 1 1 1 1 sum
1 1 1 1 1 1 1 1 1 1 1 1 1 1 1 1 1 sum
1 1 1 1 1 1 1 1 1 1 1 1 1 1 1 1 1 1 sum
1 1 1 1 1 1 1 1 1 1 1 1 1 1 1 1 1 1 1 sum
1 1 1 1 1 1 1 1 1 1 1 1 1 1 1 1 1 1 1 1 sum
1 1 1 1 1 1 1 1 1 1 1 1 1 1 1 1 1 1 1 1 1 sum
1 1 1 1 1 1 1 1 1 1 1 1 1 1 1 1 1 1 1 1 1 1 sum
1 1 1 1 1 1 1 1 1 1 1 1 1 1 1 1 1 1 1 1 1 1 1 sum
1 1 1 1 1 1 1 1 1 1 1 1 1 1 1 1 1 1 1 1 1 1 1 1 sum
1 1 1 1 1 1 1 1 1 1 1 1 1 1 1 1 1 1 1 1 1 1 1 1 1 sum
1 1 1 1 1 1 1 1 1 1 1 1 1 1 1 1 1 1 1 1 1 1 1 1 1 1 sum
1 1 1 1 1 1 1 1 1 1 1 1 1 1 1 1 1 1 1 1 1 1 1 1 1 1 1 sum
1 1 1 1 1 1 1 1 1 1 1 1 1 1 1 1 1 1 1 1 1 1 1 1 1 1 1 1 sum
1 1 1 1 1 1 1 1 1 1 1 1 1 1 1 1 1 1 1 1 1 1 1 1 1 1 1 1 1 sum

